18 1
25 1
27 1
28 1
29 1
30 1
31 1
32 1
33 1
36 1
38 1
39 1
40 1
41 1
42 1
43 1
44 1
54 1
65 1
72 1
74 1
75 1
76 1
77 1
78 1
79 1
80 1
82 1
83 1
84 1
85 1
86 1
87 1
88 1
89 1
90 1
91 1
92 1
64 2
68 2
5 2
69 2
12 2
16 2
17 2
21 2
94 2
47 2
48 2
52 2
53 2
57 2
59 2
60 2
63 2
66 3
3 3
4 3
67 3
8 3
9 3
73 3
14 3
15 3
19 3
20 3
26 3
37 3
50 3
51 3
55 3
56 3
61 3
62 3
35 4
10 4
13 4
95 4
1 5
34 5
71 5
11 5
45 5
81 5
22 5
24 5
58 5
2 6
70 6
7 6
46 6
49 6
23 6
93 6
6 7
1 5
2 6
3 3
4 3
5 2
6 7
7 6
8 3
9 3
10 4
11 5
12 2
13 4
14 3
15 3
16 2
17 2
18 1
19 3
20 3
21 2
22 5
23 6
24 5
25 1
26 3
27 1
28 1
29 1
30 1
31 1
32 1
33 1
34 5
35 4
36 1
37 3
38 1
39 1
40 1
41 1
42 1
43 1
44 1
45 5
46 6
47 2
48 2
49 6
50 3
51 3
52 2
53 2
54 1
55 3
56 3
57 2
58 5
59 2
60 2
61 3
62 3
63 2
64 2
65 1
66 3
67 3
68 2
69 2
70 6
71 5
72 1
73 3
74 1
75 1
76 1
77 1
78 1
79 1
80 1
81 5
82 1
83 1
84 1
85 1
86 1
87 1
88 1
89 1
90 1
91 1
92 1
93 6
94 2
95 4